player:
  islandX: 256
  islandY: 150
  islandZ: 128
  homeX: 265
  homeY: 146
  homeZ: 131
  homeYaw: 171.81915
  homePitch: 18.35614
  uuid: cd0d7160-3681-4ab9-b39e-07247af9ed2a
  displayName: Stabaho187
version: 1
