world: e7230443-6d71-40f5-9c81-adf10de976c9
world-name: Killer Island
x: -2198.0696
y: 64.0
z: -1285.8243
yaw: 169.23858642578125
pitch: 15.286117553710938
name: Athwee
lastowner: 00000000-0000-0000-0009-000007c38676
