world: e7230443-6d71-40f5-9c81-adf10de976c9
world-name: Killer Island
x: -2010.5826
y: 76.86983
z: 504.34937
yaw: -140.96337890625
pitch: 33.01982116699219
name: besto
lastowner: 00000000-0000-0000-0009-000007c38676
