world: 95fd92ff-5ca6-47c0-a4db-233da6afee27
world-name: Killer Island_nether
x: 511.6601
y: 8.0
z: -600.39435
yaw: -179.86172485351562
pitch: 16.828292846679688
name: blast
lastowner: 00000000-0000-0000-0009-000007c38676
