world: 95fd92ff-5ca6-47c0-a4db-233da6afee27
world-name: Killer Island_nether
x: 165.9973
y: 54.0
z: 159.22318
yaw: -72.30242919921875
pitch: 3.7384185791015625
name: blaze
lastowner: 00000000-0000-0000-0009-000007c38676
