world: e7230443-6d71-40f5-9c81-adf10de976c9
world-name: Killer Island
x: -204.30827
y: 186.0
z: 1340.4108
yaw: 90.75933837890625
pitch: 12.131500244140625
name: creeper
lastowner: 00000000-0000-0000-0009-000007c38676
