world: e7230443-6d71-40f5-9c81-adf10de976c9
world-name: Killer Island
x: -1040.6062
y: 67.0
z: 912.56116
yaw: -4.73309326171875
pitch: -1.9295501708984375
name: dock
lastowner: 00000000-0000-0000-0009-000007c38676
