world: e7230443-6d71-40f5-9c81-adf10de976c9
world-name: Killer Island
x: -1715.0267
y: 64.0
z: -322.63144
yaw: -94.18771362304688
pitch: 13.714401245117188
name: drk
lastowner: 00000000-0000-0000-0009-000007c38676
