world: e7230443-6d71-40f5-9c81-adf10de976c9
world-name: Killer_Island
x: 518.7763
y: 8.0
z: -2019.7814
yaw: 176.67889404296875
pitch: 18.068756103515625
name: dungeon
lastowner: 00000000-0000-0000-0009-000007c38676
