world: de51b376-9cec-448c-9231-b3b573852bb7
world-name: Killer Island_the_end
x: 105.9345
y: 6.0
z: 224.01344
yaw: -16.56329345703125
pitch: 18.516830444335938
name: ended
lastowner: 00000000-0000-0000-0009-000007c38676
