world: e7230443-6d71-40f5-9c81-adf10de976c9
world-name: Killer Island
x: 600.65497
y: 64.0
z: 499.453
yaw: -172.15093994140625
pitch: 7.87353515625
name: fort
lastowner: 00000000-0000-0000-0009-000007c38676
