world: e7230443-6d71-40f5-9c81-adf10de976c9
world-name: Killer Island
x: 236.67307
y: 12.0
z: 582.7128
yaw: -1.96954345703125
pitch: 11.634170532226562
name: gold
lastowner: 00000000-0000-0000-0009-000007c38676
