world: e7230443-6d71-40f5-9c81-adf10de976c9
world-name: Killer Island
x: -790.43774
y: 68.7467
z: -236.47612
yaw: -96.85845947265625
pitch: 4.6497802734375
name: Gryph
lastowner: 00000000-0000-0000-0009-000007c38676
