world: e7230443-6d71-40f5-9c81-adf10de976c9
world-name: Killer Island
x: 549.12976
y: 70.5
z: 576.53644
yaw: 3.8384552001953125
pitch: 8.624435424804688
name: hall
lastowner: 00000000-0000-0000-0009-000007c38676
