world: e7230443-6d71-40f5-9c81-adf10de976c9
world-name: Killer Island
x: 313.77054
y: 121.5
z: 660.2816
yaw: 177.96124267578125
pitch: 10.4176025390625
name: iron
lastowner: 00000000-0000-0000-0009-000007c38676
