world: 95fd92ff-5ca6-47c0-a4db-233da6afee27
world-name: Killer Island_nether
x: 1000.6967
y: 117.0
z: -2.5426488
yaw: 71.60720825195312
pitch: 20.957687377929688
name: nethereast
lastowner: 00000000-0000-0000-0009-000007c38676
