world: 95fd92ff-5ca6-47c0-a4db-233da6afee27
world-name: Killer Island_nether
x: 509.48264
y: 117.0
z: -634.8785
yaw: -0.39544677734375
pitch: 22.18853759765625
name: nethershroom
lastowner: 00000000-0000-0000-0009-000007c38676
