world: 95fd92ff-5ca6-47c0-a4db-233da6afee27
world-name: Killer Island_nether
x: 509.53543
y: 117.0
z: -588.3456
yaw: -0.521728515625
pitch: 17.632034301757812
name: netherfront
lastowner: 00000000-0000-0000-0009-000007c38676
