world: e7230443-6d71-40f5-9c81-adf10de976c9
world-name: Killer_Island
x: 4216.262
y: 50.0
z: -5039.222
yaw: -66.38156127929688
pitch: 4.2874298095703125
name: portals
lastowner: 00000000-0000-0000-0009-000007c38676
