world: e7230443-6d71-40f5-9c81-adf10de976c9
world-name: Killer Island
x: 1940.6984
y: 64.0
z: 964.45874
yaw: -6.5087890625
pitch: 89.90109252929688
name: portal
lastowner: 00000000-0000-0000-0009-000007c38676
