world: e7230443-6d71-40f5-9c81-adf10de976c9
world-name: Killer_Island
x: -936.2583
y: 13.0
z: 1343.5573
yaw: -87.65802001953125
pitch: 5.404937744140625
name: pvp
lastowner: 00000000-0000-0000-0009-000007c38676
