world: e7230443-6d71-40f5-9c81-adf10de976c9
world-name: Killer Island
x: -455.19778
y: 74.0
z: 1828.4385
yaw: -129.22576904296875
pitch: 15.75213623046875
name: rudy
lastowner: 00000000-0000-0000-0009-000007c38676
