world: e7230443-6d71-40f5-9c81-adf10de976c9
world-name: Killer Island
x: 379.2171
y: 81.0
z: 293.30212
yaw: -48.6585693359375
pitch: 5.937591552734375
name: shmeethumb
lastowner: 00000000-0000-0000-0009-000007c38676
