world: e7230443-6d71-40f5-9c81-adf10de976c9
world-name: Killer Island
x: 192.30001
y: 76.0
z: -239.472
yaw: -90.51446533203125
pitch: 2.77978515625
name: skeleton
lastowner: 00000000-0000-0000-0009-000007c38676
