world: e7230443-6d71-40f5-9c81-adf10de976c9
world-name: Killer Island
x: 336.90576
y: 77.0
z: 526.66437
yaw: 174.27581787109375
pitch: 32.74253845214844
name: slime
lastowner: 00000000-0000-0000-0009-000007c38676
