world: e7230443-6d71-40f5-9c81-adf10de976c9
world-name: Killer Island
x: -256.56467
y: 67.0
z: 241.9902
yaw: -9.9635009765625
pitch: 8.059661865234375
name: spawn
lastowner: 00000000-0000-0000-0009-000007c38676
