world: e7230443-6d71-40f5-9c81-adf10de976c9
world-name: Killer_Island
x: 1814.2087
y: 80.90851
z: 1732.9749
yaw: 137.88690185546875
pitch: 16.70660400390625
name: steve
lastowner: 00000000-0000-0000-0009-000007c38676
