world: e7230443-6d71-40f5-9c81-adf10de976c9
world-name: Killer_Island
x: 4216.0117
y: 40.0
z: -5048.6226
yaw: -147.22732543945312
pitch: 15.372787475585938
name: storage
lastowner: 00000000-0000-0000-0009-000007c38676
