world: 95fd92ff-5ca6-47c0-a4db-233da6afee27
world-name: Killer_Island_nether
x: 507.2164
y: 100.0
z: -563.8042
yaw: -82.71987915039062
pitch: 15.608566284179688
name: storage2
lastowner: 00000000-0000-0000-0009-000007c38676
