world: e7230443-6d71-40f5-9c81-adf10de976c9
world-name: Killer_Island
x: -2414.5684
y: 40.0
z: 1615.8638
yaw: -93.66937255859375
pitch: 7.892120361328125
name: temple
lastowner: 00000000-0000-0000-0009-000007c38676
