world: e7230443-6d71-40f5-9c81-adf10de976c9
world-name: Killer Island
x: -601.16
y: 86.7145
z: 277.9237
yaw: 178.75103759765625
pitch: 37.4993896484375
name: tom
lastowner: 00000000-0000-0000-0009-000007c38676
