world: e7230443-6d71-40f5-9c81-adf10de976c9
world-name: Killer_Island
x: -1178.416
y: 66.0
z: 1045.0741
yaw: -44.366943359375
pitch: 14.374832153320312
name: westgate
lastowner: 00000000-0000-0000-0009-000007c38676
