world: e7230443-6d71-40f5-9c81-adf10de976c9
world-name: Killer_Island
x: -8582.831
y: 68.0
z: 2291.0964
yaw: -179.817138671875
pitch: 8.398788452148438
name: wierd
lastowner: 00000000-0000-0000-0009-000007c38676
